00111111111100111111111111111111111110111111
00111100111100111111100111111110000111110000
00111100111100111111100111111110000111110000
00111111111100111111111111111111111110111111

00111111111111111111111100000111111111111000
00111100111111110001111111011111111000011110
00111100111111110001111111011111111000011110
00111111111111111111111100000111111111111000

00111111111100111110011111111111100001111111
00111100111100111110011111000011111111110000
00111100111100111110011111000011111111110000
00111111111100111110011111111111100001111111

00111111111111111111111000111111110000000000
00111100111111110001111110001111111111100011
00111100111111110001111110001111111111100011
00111111111111111111111000111111110000000000