000011111110000110110000000000011111111000111100011011111110
000011111110000110111111100000000000011000001100011011111110
001111000000000110111111100111111110011000001111111011000000
001111000000000110000001100111111110011111101111111011111100

001100110000000000110001100110011000111110110001111001100110
001100110111111110110001111110011000111110110000011001111110
001111110111111110110001111110011000000000110000011001111110
001111110110000110110000000000011111111000111100011000000000

000000001100111111111000000110011110110000000110000001101100
000000111100000000000000000110011000110000000111100001101111
111100111100000000111111100110011000110111110111100001101111
111100110000000000111111100110011000110111110001111001100000

001100000000111110000001100110000110011111100000000011111100
001111111100111110011111100110000110000001100000000000001100
001111111100110000011111100110000110111111100111111111101100
000000001100111111111000000110011110111111100111111111101100